116
116
112
116
108
110
107
131
111
107
114
106
204
221
151
188
162
159
156
158
154
132
71
70
208
146
85
147
126
60
123
135
59
93
58
157
110
130
138
80
62
63
128
70
162
85
64
128
97
57
65
192
133
63
96
68
170
116
140
71
183
67
64
165
136
66
101
63
128
210
216
91
236
138
148
121
90
131
110
94
70
78
62
80
116
58
64
183
120
59
199
146
166
139
137
139
149
145
91
135
55
179
134
140
61
98
67
170
130
58
134
86
137
121
122
133
146
117
62
127
101
86
72
178
74
59
197
134
83
213
82
149
76
89
127
98
105
74
182
59
134
217
64
133
193
129
56
74
151
70
237
62
179
139
87
75
217
143
91
90
170
73
194
61
70
78
122
68
196
134
162
80
59
71
256
137
154
156
62
140
270
68
169
1
